{
 "cells": [
  {
   "cell_type": "code",
   "execution_count": 60,
   "metadata": {},
   "outputs": [],
   "source": [
    "import matplotlib.pyplot as plt\n",
    "import numpy as np\n",
    "import pandas as pd\n",
    "import seaborn as sns\n",
    "from scipy.stats import ttest_ind\n",
    "from sqlalchemy import create_engine\n",
    "from scipy.stats.mstats import winsorize\n",
    "from scipy.stats import boxcox\n",
    "from scipy.stats import jarque_bera\n",
    "from scipy.stats import normaltest\n",
    "from sklearn.decomposition import PCA\n",
    "from sklearn.preprocessing import StandardScaler\n",
    "from sklearn.naive_bayes import BernoulliNB\n",
    "from sklearn.model_selection import cross_val_score\n",
    "from sklearn import linear_model\n",
    "from sklearn.model_selection import train_test_split\n",
    "from sklearn.metrics import mean_absolute_error\n",
    "from sklearn.linear_model import LinearRegression, LassoCV, RidgeCV, ElasticNetCV\n",
    "from statsmodels.tools.eval_measures import mse, rmse\n",
    "from wordcloud import WordCloud\n",
    "import statsmodels.api as sm\n",
    "\n",
    "\n",
    "from sklearn import tree\n",
    "\n",
    "\n",
    "from IPython.display import Image\n",
    "\n",
    "\n",
    "import pydotplus\n",
    "from sklearn import ensemble\n",
    "\n",
    "import warnings\n",
    "\n",
    "%matplotlib inline\n",
    "sns.set()\n",
    "\n",
    "warnings.filterwarnings('ignore')"
   ]
  },
  {
   "cell_type": "code",
   "execution_count": 61,
   "metadata": {},
   "outputs": [],
   "source": [
    "#assign data frames\n",
    "employees_df = pd.read_csv('Data/IMB_HR.csv')"
   ]
  },
  {
   "cell_type": "code",
   "execution_count": 62,
   "metadata": {},
   "outputs": [
    {
     "name": "stdout",
     "output_type": "stream",
     "text": [
      "<class 'pandas.core.frame.DataFrame'>\n",
      "RangeIndex: 1470 entries, 0 to 1469\n",
      "Data columns (total 35 columns):\n",
      "Age                         1470 non-null int64\n",
      "Attrition                   1470 non-null object\n",
      "BusinessTravel              1470 non-null object\n",
      "DailyRate                   1470 non-null int64\n",
      "Department                  1470 non-null object\n",
      "DistanceFromHome            1470 non-null int64\n",
      "Education                   1470 non-null int64\n",
      "EducationField              1470 non-null object\n",
      "EmployeeCount               1470 non-null int64\n",
      "EmployeeNumber              1470 non-null int64\n",
      "EnvironmentSatisfaction     1470 non-null int64\n",
      "Gender                      1470 non-null object\n",
      "HourlyRate                  1470 non-null int64\n",
      "JobInvolvement              1470 non-null int64\n",
      "JobLevel                    1470 non-null int64\n",
      "JobRole                     1470 non-null object\n",
      "JobSatisfaction             1470 non-null int64\n",
      "MaritalStatus               1470 non-null object\n",
      "MonthlyIncome               1470 non-null int64\n",
      "MonthlyRate                 1470 non-null int64\n",
      "NumCompaniesWorked          1470 non-null int64\n",
      "Over18                      1470 non-null object\n",
      "OverTime                    1470 non-null object\n",
      "PercentSalaryHike           1470 non-null int64\n",
      "PerformanceRating           1470 non-null int64\n",
      "RelationshipSatisfaction    1470 non-null int64\n",
      "StandardHours               1470 non-null int64\n",
      "StockOptionLevel            1470 non-null int64\n",
      "TotalWorkingYears           1470 non-null int64\n",
      "TrainingTimesLastYear       1470 non-null int64\n",
      "WorkLifeBalance             1470 non-null int64\n",
      "YearsAtCompany              1470 non-null int64\n",
      "YearsInCurrentRole          1470 non-null int64\n",
      "YearsSinceLastPromotion     1470 non-null int64\n",
      "YearsWithCurrManager        1470 non-null int64\n",
      "dtypes: int64(26), object(9)\n",
      "memory usage: 402.0+ KB\n",
      "   Age Attrition     BusinessTravel  DailyRate              Department  \\\n",
      "0   41       Yes      Travel_Rarely       1102                   Sales   \n",
      "1   49        No  Travel_Frequently        279  Research & Development   \n",
      "2   37       Yes      Travel_Rarely       1373  Research & Development   \n",
      "3   33        No  Travel_Frequently       1392  Research & Development   \n",
      "4   27        No      Travel_Rarely        591  Research & Development   \n",
      "\n",
      "   DistanceFromHome  Education EducationField  EmployeeCount  EmployeeNumber  \\\n",
      "0                 1          2  Life Sciences              1               1   \n",
      "1                 8          1  Life Sciences              1               2   \n",
      "2                 2          2          Other              1               4   \n",
      "3                 3          4  Life Sciences              1               5   \n",
      "4                 2          1        Medical              1               7   \n",
      "\n",
      "   ...  RelationshipSatisfaction StandardHours  StockOptionLevel  \\\n",
      "0  ...                         1            80                 0   \n",
      "1  ...                         4            80                 1   \n",
      "2  ...                         2            80                 0   \n",
      "3  ...                         3            80                 0   \n",
      "4  ...                         4            80                 1   \n",
      "\n",
      "   TotalWorkingYears  TrainingTimesLastYear WorkLifeBalance  YearsAtCompany  \\\n",
      "0                  8                      0               1               6   \n",
      "1                 10                      3               3              10   \n",
      "2                  7                      3               3               0   \n",
      "3                  8                      3               3               8   \n",
      "4                  6                      3               3               2   \n",
      "\n",
      "  YearsInCurrentRole  YearsSinceLastPromotion  YearsWithCurrManager  \n",
      "0                  4                        0                     5  \n",
      "1                  7                        1                     7  \n",
      "2                  0                        0                     0  \n",
      "3                  7                        3                     0  \n",
      "4                  2                        2                     2  \n",
      "\n",
      "[5 rows x 35 columns] None                Age    DailyRate  DistanceFromHome    Education  EmployeeCount  \\\n",
      "count  1470.000000  1470.000000       1470.000000  1470.000000         1470.0   \n",
      "mean     36.923810   802.485714          9.192517     2.912925            1.0   \n",
      "std       9.135373   403.509100          8.106864     1.024165            0.0   \n",
      "min      18.000000   102.000000          1.000000     1.000000            1.0   \n",
      "25%      30.000000   465.000000          2.000000     2.000000            1.0   \n",
      "50%      36.000000   802.000000          7.000000     3.000000            1.0   \n",
      "75%      43.000000  1157.000000         14.000000     4.000000            1.0   \n",
      "max      60.000000  1499.000000         29.000000     5.000000            1.0   \n",
      "\n",
      "       EmployeeNumber  EnvironmentSatisfaction   HourlyRate  JobInvolvement  \\\n",
      "count     1470.000000              1470.000000  1470.000000     1470.000000   \n",
      "mean      1024.865306                 2.721769    65.891156        2.729932   \n",
      "std        602.024335                 1.093082    20.329428        0.711561   \n",
      "min          1.000000                 1.000000    30.000000        1.000000   \n",
      "25%        491.250000                 2.000000    48.000000        2.000000   \n",
      "50%       1020.500000                 3.000000    66.000000        3.000000   \n",
      "75%       1555.750000                 4.000000    83.750000        3.000000   \n",
      "max       2068.000000                 4.000000   100.000000        4.000000   \n",
      "\n",
      "          JobLevel  ...  RelationshipSatisfaction  StandardHours  \\\n",
      "count  1470.000000  ...               1470.000000         1470.0   \n",
      "mean      2.063946  ...                  2.712245           80.0   \n",
      "std       1.106940  ...                  1.081209            0.0   \n",
      "min       1.000000  ...                  1.000000           80.0   \n",
      "25%       1.000000  ...                  2.000000           80.0   \n",
      "50%       2.000000  ...                  3.000000           80.0   \n",
      "75%       3.000000  ...                  4.000000           80.0   \n",
      "max       5.000000  ...                  4.000000           80.0   \n",
      "\n",
      "       StockOptionLevel  TotalWorkingYears  TrainingTimesLastYear  \\\n",
      "count       1470.000000        1470.000000            1470.000000   \n",
      "mean           0.793878          11.279592               2.799320   \n",
      "std            0.852077           7.780782               1.289271   \n",
      "min            0.000000           0.000000               0.000000   \n",
      "25%            0.000000           6.000000               2.000000   \n",
      "50%            1.000000          10.000000               3.000000   \n",
      "75%            1.000000          15.000000               3.000000   \n",
      "max            3.000000          40.000000               6.000000   \n",
      "\n",
      "       WorkLifeBalance  YearsAtCompany  YearsInCurrentRole  \\\n",
      "count      1470.000000     1470.000000         1470.000000   \n",
      "mean          2.761224        7.008163            4.229252   \n",
      "std           0.706476        6.126525            3.623137   \n",
      "min           1.000000        0.000000            0.000000   \n",
      "25%           2.000000        3.000000            2.000000   \n",
      "50%           3.000000        5.000000            3.000000   \n",
      "75%           3.000000        9.000000            7.000000   \n",
      "max           4.000000       40.000000           18.000000   \n",
      "\n",
      "       YearsSinceLastPromotion  YearsWithCurrManager  \n",
      "count              1470.000000           1470.000000  \n",
      "mean                  2.187755              4.123129  \n",
      "std                   3.222430              3.568136  \n",
      "min                   0.000000              0.000000  \n",
      "25%                   0.000000              2.000000  \n",
      "50%                   1.000000              3.000000  \n",
      "75%                   3.000000              7.000000  \n",
      "max                  15.000000             17.000000  \n",
      "\n",
      "[8 rows x 26 columns]\n"
     ]
    }
   ],
   "source": [
    "#examine the data frame\n",
    "\n",
    "print(\n",
    "    employees_df.head(),\n",
    "    employees_df.info(),\n",
    "    employees_df.describe()\n",
    ")"
   ]
  },
  {
   "cell_type": "code",
   "execution_count": 63,
   "metadata": {},
   "outputs": [
    {
     "data": {
      "text/plain": [
       "YearsWithCurrManager    0.0\n",
       "EmployeeCount           0.0\n",
       "JobLevel                0.0\n",
       "JobInvolvement          0.0\n",
       "HourlyRate              0.0\n",
       "dtype: float64"
      ]
     },
     "execution_count": 63,
     "metadata": {},
     "output_type": "execute_result"
    }
   ],
   "source": [
    "#Check for missing values\n",
    "\n",
    "missing_values_ratios = (employees_df.isnull().sum()/employees_df.isnull().count())\n",
    "missing_values_ratios.sort_values(ascending=False).head()"
   ]
  },
  {
   "cell_type": "code",
   "execution_count": 64,
   "metadata": {},
   "outputs": [],
   "source": [
    "Attrition_numeric = []\n",
    "\n",
    "for idx, val in enumerate(employees_df['Attrition']):\n",
    "    if val == 'Yes':\n",
    "        Attrition_numeric.append(1)\n",
    "    else:\n",
    "        Attrition_numeric.append(0)\n",
    "        \n",
    "employees_df['Attrition_numeric'] = Attrition_numeric"
   ]
  },
  {
   "cell_type": "code",
   "execution_count": 65,
   "metadata": {},
   "outputs": [
    {
     "data": {
      "text/plain": [
       "Attrition_numeric           1.000000\n",
       "TotalWorkingYears           0.171063\n",
       "JobLevel                    0.169105\n",
       "YearsInCurrentRole          0.160545\n",
       "MonthlyIncome               0.159840\n",
       "YearsWithCurrManager        0.156199\n",
       "StockOptionLevel            0.137145\n",
       "YearsAtCompany              0.134392\n",
       "JobInvolvement              0.130016\n",
       "JobSatisfaction             0.103481\n",
       "EnvironmentSatisfaction     0.103369\n",
       "DistanceFromHome            0.077924\n",
       "WorkLifeBalance             0.063939\n",
       "TrainingTimesLastYear       0.059478\n",
       "DailyRate                   0.056652\n",
       "RelationshipSatisfaction    0.045872\n",
       "NumCompaniesWorked          0.043494\n",
       "YearsSinceLastPromotion     0.033019\n",
       "Education                   0.031373\n",
       "MonthlyRate                 0.015170\n",
       "Name: Attrition_numeric, dtype: float64"
      ]
     },
     "execution_count": 65,
     "metadata": {},
     "output_type": "execute_result"
    }
   ],
   "source": [
    "#check the correlation of the numerical variables with the target\n",
    "np.abs(employees_df[employees_df.select_dtypes(['int64', 'float64']).columns].iloc[:,1:].corr().loc[:,\"Attrition_numeric\"]).sort_values(ascending=False).head(20)\n",
    "\n"
   ]
  },
  {
   "cell_type": "code",
   "execution_count": 66,
   "metadata": {},
   "outputs": [
    {
     "data": {
      "text/html": [
       "<div>\n",
       "<style scoped>\n",
       "    .dataframe tbody tr th:only-of-type {\n",
       "        vertical-align: middle;\n",
       "    }\n",
       "\n",
       "    .dataframe tbody tr th {\n",
       "        vertical-align: top;\n",
       "    }\n",
       "\n",
       "    .dataframe thead th {\n",
       "        text-align: right;\n",
       "    }\n",
       "</style>\n",
       "<table border=\"1\" class=\"dataframe\">\n",
       "  <thead>\n",
       "    <tr style=\"text-align: right;\">\n",
       "      <th></th>\n",
       "      <th>Attrition_numeric</th>\n",
       "      <th>TotalWorkingYears</th>\n",
       "      <th>JobLevel</th>\n",
       "      <th>YearsInCurrentRole</th>\n",
       "      <th>MonthlyIncome</th>\n",
       "      <th>YearsWithCurrManager</th>\n",
       "      <th>StockOptionLevel</th>\n",
       "      <th>YearsAtCompany</th>\n",
       "      <th>JobInvolvement</th>\n",
       "      <th>JobSatisfaction</th>\n",
       "      <th>EnvironmentSatisfaction</th>\n",
       "    </tr>\n",
       "  </thead>\n",
       "  <tbody>\n",
       "    <tr>\n",
       "      <th>Attrition_numeric</th>\n",
       "      <td>1.000000</td>\n",
       "      <td>0.171063</td>\n",
       "      <td>0.169105</td>\n",
       "      <td>0.160545</td>\n",
       "      <td>0.159840</td>\n",
       "      <td>0.156199</td>\n",
       "      <td>0.137145</td>\n",
       "      <td>0.134392</td>\n",
       "      <td>0.130016</td>\n",
       "      <td>0.103481</td>\n",
       "      <td>0.103369</td>\n",
       "    </tr>\n",
       "    <tr>\n",
       "      <th>TotalWorkingYears</th>\n",
       "      <td>0.171063</td>\n",
       "      <td>1.000000</td>\n",
       "      <td>0.782208</td>\n",
       "      <td>0.460365</td>\n",
       "      <td>0.772893</td>\n",
       "      <td>0.459188</td>\n",
       "      <td>0.010136</td>\n",
       "      <td>0.628133</td>\n",
       "      <td>0.005533</td>\n",
       "      <td>0.020185</td>\n",
       "      <td>0.002693</td>\n",
       "    </tr>\n",
       "    <tr>\n",
       "      <th>JobLevel</th>\n",
       "      <td>0.169105</td>\n",
       "      <td>0.782208</td>\n",
       "      <td>1.000000</td>\n",
       "      <td>0.389447</td>\n",
       "      <td>0.950300</td>\n",
       "      <td>0.375281</td>\n",
       "      <td>0.013984</td>\n",
       "      <td>0.534739</td>\n",
       "      <td>0.012630</td>\n",
       "      <td>0.001944</td>\n",
       "      <td>0.001212</td>\n",
       "    </tr>\n",
       "    <tr>\n",
       "      <th>YearsInCurrentRole</th>\n",
       "      <td>0.160545</td>\n",
       "      <td>0.460365</td>\n",
       "      <td>0.389447</td>\n",
       "      <td>1.000000</td>\n",
       "      <td>0.363818</td>\n",
       "      <td>0.714365</td>\n",
       "      <td>0.050818</td>\n",
       "      <td>0.758754</td>\n",
       "      <td>0.008717</td>\n",
       "      <td>0.002305</td>\n",
       "      <td>0.018007</td>\n",
       "    </tr>\n",
       "    <tr>\n",
       "      <th>MonthlyIncome</th>\n",
       "      <td>0.159840</td>\n",
       "      <td>0.772893</td>\n",
       "      <td>0.950300</td>\n",
       "      <td>0.363818</td>\n",
       "      <td>1.000000</td>\n",
       "      <td>0.344079</td>\n",
       "      <td>0.005408</td>\n",
       "      <td>0.514285</td>\n",
       "      <td>0.015271</td>\n",
       "      <td>0.007157</td>\n",
       "      <td>0.006259</td>\n",
       "    </tr>\n",
       "    <tr>\n",
       "      <th>YearsWithCurrManager</th>\n",
       "      <td>0.156199</td>\n",
       "      <td>0.459188</td>\n",
       "      <td>0.375281</td>\n",
       "      <td>0.714365</td>\n",
       "      <td>0.344079</td>\n",
       "      <td>1.000000</td>\n",
       "      <td>0.024698</td>\n",
       "      <td>0.769212</td>\n",
       "      <td>0.025976</td>\n",
       "      <td>0.027656</td>\n",
       "      <td>0.004999</td>\n",
       "    </tr>\n",
       "    <tr>\n",
       "      <th>StockOptionLevel</th>\n",
       "      <td>0.137145</td>\n",
       "      <td>0.010136</td>\n",
       "      <td>0.013984</td>\n",
       "      <td>0.050818</td>\n",
       "      <td>0.005408</td>\n",
       "      <td>0.024698</td>\n",
       "      <td>1.000000</td>\n",
       "      <td>0.015058</td>\n",
       "      <td>0.021523</td>\n",
       "      <td>0.010690</td>\n",
       "      <td>0.003432</td>\n",
       "    </tr>\n",
       "    <tr>\n",
       "      <th>YearsAtCompany</th>\n",
       "      <td>0.134392</td>\n",
       "      <td>0.628133</td>\n",
       "      <td>0.534739</td>\n",
       "      <td>0.758754</td>\n",
       "      <td>0.514285</td>\n",
       "      <td>0.769212</td>\n",
       "      <td>0.015058</td>\n",
       "      <td>1.000000</td>\n",
       "      <td>0.021355</td>\n",
       "      <td>0.003803</td>\n",
       "      <td>0.001458</td>\n",
       "    </tr>\n",
       "    <tr>\n",
       "      <th>JobInvolvement</th>\n",
       "      <td>0.130016</td>\n",
       "      <td>0.005533</td>\n",
       "      <td>0.012630</td>\n",
       "      <td>0.008717</td>\n",
       "      <td>0.015271</td>\n",
       "      <td>0.025976</td>\n",
       "      <td>0.021523</td>\n",
       "      <td>0.021355</td>\n",
       "      <td>1.000000</td>\n",
       "      <td>0.021476</td>\n",
       "      <td>0.008278</td>\n",
       "    </tr>\n",
       "    <tr>\n",
       "      <th>JobSatisfaction</th>\n",
       "      <td>0.103481</td>\n",
       "      <td>0.020185</td>\n",
       "      <td>0.001944</td>\n",
       "      <td>0.002305</td>\n",
       "      <td>0.007157</td>\n",
       "      <td>0.027656</td>\n",
       "      <td>0.010690</td>\n",
       "      <td>0.003803</td>\n",
       "      <td>0.021476</td>\n",
       "      <td>1.000000</td>\n",
       "      <td>0.006784</td>\n",
       "    </tr>\n",
       "    <tr>\n",
       "      <th>EnvironmentSatisfaction</th>\n",
       "      <td>0.103369</td>\n",
       "      <td>0.002693</td>\n",
       "      <td>0.001212</td>\n",
       "      <td>0.018007</td>\n",
       "      <td>0.006259</td>\n",
       "      <td>0.004999</td>\n",
       "      <td>0.003432</td>\n",
       "      <td>0.001458</td>\n",
       "      <td>0.008278</td>\n",
       "      <td>0.006784</td>\n",
       "      <td>1.000000</td>\n",
       "    </tr>\n",
       "  </tbody>\n",
       "</table>\n",
       "</div>"
      ],
      "text/plain": [
       "                         Attrition_numeric  TotalWorkingYears  JobLevel  \\\n",
       "Attrition_numeric                 1.000000           0.171063  0.169105   \n",
       "TotalWorkingYears                 0.171063           1.000000  0.782208   \n",
       "JobLevel                          0.169105           0.782208  1.000000   \n",
       "YearsInCurrentRole                0.160545           0.460365  0.389447   \n",
       "MonthlyIncome                     0.159840           0.772893  0.950300   \n",
       "YearsWithCurrManager              0.156199           0.459188  0.375281   \n",
       "StockOptionLevel                  0.137145           0.010136  0.013984   \n",
       "YearsAtCompany                    0.134392           0.628133  0.534739   \n",
       "JobInvolvement                    0.130016           0.005533  0.012630   \n",
       "JobSatisfaction                   0.103481           0.020185  0.001944   \n",
       "EnvironmentSatisfaction           0.103369           0.002693  0.001212   \n",
       "\n",
       "                         YearsInCurrentRole  MonthlyIncome  \\\n",
       "Attrition_numeric                  0.160545       0.159840   \n",
       "TotalWorkingYears                  0.460365       0.772893   \n",
       "JobLevel                           0.389447       0.950300   \n",
       "YearsInCurrentRole                 1.000000       0.363818   \n",
       "MonthlyIncome                      0.363818       1.000000   \n",
       "YearsWithCurrManager               0.714365       0.344079   \n",
       "StockOptionLevel                   0.050818       0.005408   \n",
       "YearsAtCompany                     0.758754       0.514285   \n",
       "JobInvolvement                     0.008717       0.015271   \n",
       "JobSatisfaction                    0.002305       0.007157   \n",
       "EnvironmentSatisfaction            0.018007       0.006259   \n",
       "\n",
       "                         YearsWithCurrManager  StockOptionLevel  \\\n",
       "Attrition_numeric                    0.156199          0.137145   \n",
       "TotalWorkingYears                    0.459188          0.010136   \n",
       "JobLevel                             0.375281          0.013984   \n",
       "YearsInCurrentRole                   0.714365          0.050818   \n",
       "MonthlyIncome                        0.344079          0.005408   \n",
       "YearsWithCurrManager                 1.000000          0.024698   \n",
       "StockOptionLevel                     0.024698          1.000000   \n",
       "YearsAtCompany                       0.769212          0.015058   \n",
       "JobInvolvement                       0.025976          0.021523   \n",
       "JobSatisfaction                      0.027656          0.010690   \n",
       "EnvironmentSatisfaction              0.004999          0.003432   \n",
       "\n",
       "                         YearsAtCompany  JobInvolvement  JobSatisfaction  \\\n",
       "Attrition_numeric              0.134392        0.130016         0.103481   \n",
       "TotalWorkingYears              0.628133        0.005533         0.020185   \n",
       "JobLevel                       0.534739        0.012630         0.001944   \n",
       "YearsInCurrentRole             0.758754        0.008717         0.002305   \n",
       "MonthlyIncome                  0.514285        0.015271         0.007157   \n",
       "YearsWithCurrManager           0.769212        0.025976         0.027656   \n",
       "StockOptionLevel               0.015058        0.021523         0.010690   \n",
       "YearsAtCompany                 1.000000        0.021355         0.003803   \n",
       "JobInvolvement                 0.021355        1.000000         0.021476   \n",
       "JobSatisfaction                0.003803        0.021476         1.000000   \n",
       "EnvironmentSatisfaction        0.001458        0.008278         0.006784   \n",
       "\n",
       "                         EnvironmentSatisfaction  \n",
       "Attrition_numeric                       0.103369  \n",
       "TotalWorkingYears                       0.002693  \n",
       "JobLevel                                0.001212  \n",
       "YearsInCurrentRole                      0.018007  \n",
       "MonthlyIncome                           0.006259  \n",
       "YearsWithCurrManager                    0.004999  \n",
       "StockOptionLevel                        0.003432  \n",
       "YearsAtCompany                          0.001458  \n",
       "JobInvolvement                          0.008278  \n",
       "JobSatisfaction                         0.006784  \n",
       "EnvironmentSatisfaction                 1.000000  "
      ]
     },
     "execution_count": 66,
     "metadata": {},
     "output_type": "execute_result"
    }
   ],
   "source": [
    "np.abs(employees_df[['Attrition_numeric', 'TotalWorkingYears', 'JobLevel', 'YearsInCurrentRole', 'MonthlyIncome',\n",
    "            'YearsWithCurrManager', 'StockOptionLevel', 'YearsAtCompany', 'JobInvolvement', 'JobSatisfaction',\n",
    "            'EnvironmentSatisfaction']].corr())"
   ]
  },
  {
   "cell_type": "markdown",
   "metadata": {},
   "source": [
    "## PCA Model"
   ]
  },
  {
   "cell_type": "code",
   "execution_count": 67,
   "metadata": {},
   "outputs": [
    {
     "name": "stdout",
     "output_type": "stream",
     "text": [
      "Covariance Matrix:\n",
      " [[ 1.00068074e+00  1.06681999e-02 -1.68726795e-03  2.08175347e-01\n",
      "   0.00000000e+00 -1.01523735e-02  1.01533349e-02  2.43030753e-02\n",
      "   2.98402581e-02  5.09951134e-01 -4.89520722e-03  4.98193474e-01\n",
      "   2.80702626e-02  2.99838730e-01  3.63605842e-03  1.90519156e-03\n",
      "   5.35711626e-02  0.00000000e+00  3.75352466e-02  6.80843695e-01\n",
      "  -1.96341755e-02 -2.15046570e-02  3.11520689e-01  2.13045985e-01\n",
      "   2.16660756e-01  2.02226171e-01 -1.59313383e-01]\n",
      " [ 1.06681999e-02  1.00068074e+00 -4.98873105e-03 -1.68178739e-02\n",
      "   0.00000000e+00 -5.10251446e-02  1.83673491e-02  2.33973381e-02\n",
      "   4.61662796e-02  2.96835414e-03  3.05918186e-02  7.71230534e-03\n",
      "  -3.22035087e-02  3.81794067e-02  2.27191327e-02  4.73618517e-04\n",
      "   7.85137203e-03  0.00000000e+00  4.21714845e-02  1.45246194e-02\n",
      "   2.45421224e-03 -3.78738155e-02 -3.40779498e-02  9.93877603e-03\n",
      "  -3.32516049e-02 -2.63811246e-02 -5.66905569e-02]\n",
      " [-1.68726795e-03 -4.98873105e-03  1.00068074e+00  2.10561495e-02\n",
      "   0.00000000e+00  3.29388146e-02 -1.60862700e-02  3.11517773e-02\n",
      "   8.78925897e-03  5.30634031e-03 -3.67133668e-03 -1.70260271e-02\n",
      "   2.74915653e-02 -2.92707162e-02  4.02627671e-02  2.71280730e-02\n",
      "   6.56193855e-03  0.00000000e+00  4.49025448e-02  4.63157660e-03\n",
      "  -3.69673822e-02 -2.65740817e-02  9.51419214e-03  1.88578276e-02\n",
      "   1.00356629e-02  1.44158551e-02  7.79766283e-02]\n",
      " [ 2.08175347e-01 -1.68178739e-02  2.10561495e-02  1.00068074e+00\n",
      "   0.00000000e+00  4.20987316e-02 -2.71467805e-02  1.67862481e-02\n",
      "   4.24665231e-02  1.01658041e-01 -1.13038064e-02  9.50253201e-02\n",
      "  -2.61019536e-02  1.26402548e-01 -1.11185045e-02 -2.45554956e-02\n",
      "  -9.12458390e-03  0.00000000e+00  1.84347609e-02  1.48380636e-01\n",
      "  -2.51173278e-02  9.82587358e-03  6.91607442e-02  6.02765586e-02\n",
      "   5.42912664e-02  6.91123935e-02 -3.13941762e-02]\n",
      " [ 0.00000000e+00  0.00000000e+00  0.00000000e+00  0.00000000e+00\n",
      "   0.00000000e+00  0.00000000e+00  0.00000000e+00  0.00000000e+00\n",
      "   0.00000000e+00  0.00000000e+00  0.00000000e+00  0.00000000e+00\n",
      "   0.00000000e+00  0.00000000e+00  0.00000000e+00  0.00000000e+00\n",
      "   0.00000000e+00  0.00000000e+00  0.00000000e+00  0.00000000e+00\n",
      "   0.00000000e+00  0.00000000e+00  0.00000000e+00  0.00000000e+00\n",
      "   0.00000000e+00  0.00000000e+00  0.00000000e+00]\n",
      " [-1.01523735e-02 -5.10251446e-02  3.29388146e-02  4.20987316e-02\n",
      "   0.00000000e+00  1.00068074e+00  1.76327976e-02  3.52031601e-02\n",
      "  -6.89261184e-03 -1.85318006e-02 -4.62782167e-02 -1.48386102e-02\n",
      "   1.26568393e-02 -1.25188366e-03 -1.29528070e-02 -2.03726841e-02\n",
      "  -6.99089686e-02  0.00000000e+00  6.22690524e-02 -1.43749774e-02\n",
      "   2.36192371e-02  1.03156589e-02 -1.12481155e-02 -8.42204128e-03\n",
      "  -9.02520380e-03 -9.20290577e-03 -1.05844431e-02]\n",
      " [ 1.01533349e-02  1.83673491e-02 -1.60862700e-02 -2.71467805e-02\n",
      "   0.00000000e+00  1.76327976e-02  1.00068074e+00 -4.98908956e-02\n",
      "  -8.28323302e-03  1.21252430e-03 -6.78897095e-03 -6.26334854e-03\n",
      "   3.76252183e-02  1.26028966e-02 -3.17227754e-02 -2.95680666e-02\n",
      "   7.67060164e-03  0.00000000e+00  3.43449415e-03 -2.69490366e-03\n",
      "  -1.93724869e-02  2.76461023e-02  1.45854140e-03  1.80197185e-02\n",
      "   1.62046291e-02 -5.00212543e-03 -1.03439345e-01]\n",
      " [ 2.43030753e-02  2.33973381e-02  3.11517773e-02  1.67862481e-02\n",
      "   0.00000000e+00  3.52031601e-02 -4.98908956e-02  1.00068074e+00\n",
      "   4.28898177e-02 -2.78724473e-02 -7.13831844e-02 -1.58050561e-02\n",
      "  -1.53071626e-02  2.21719664e-02 -9.06815507e-03 -2.17317578e-03\n",
      "   1.33135847e-03  0.00000000e+00  5.02976151e-02 -2.33527044e-03\n",
      "  -8.55350392e-03 -4.61037006e-03 -1.95949461e-02 -2.41226302e-02\n",
      "  -2.67337723e-02 -2.01368988e-02 -6.85020958e-03]\n",
      " [ 2.98402581e-02  4.61662796e-02  8.78925897e-03  4.24665231e-02\n",
      "   0.00000000e+00 -6.89261184e-03 -8.28323302e-03  4.28898177e-02\n",
      "   1.00068074e+00 -1.26384803e-02 -2.14905297e-02 -1.52818866e-02\n",
      "  -1.63331901e-02  1.50226327e-02 -1.72162840e-02 -2.90911233e-02\n",
      "   3.43201677e-02  0.00000000e+00  2.15372916e-02 -5.53694869e-03\n",
      "  -1.53482668e-02 -1.46265432e-02 -2.13699644e-02  8.72289744e-03\n",
      "  -2.42007555e-02  2.59934906e-02 -1.30104463e-01]\n",
      " [ 5.09951134e-01  2.96835414e-03  5.30634031e-03  1.01658041e-01\n",
      "   0.00000000e+00 -1.85318006e-02  1.21252430e-03 -2.78724473e-02\n",
      "  -1.26384803e-02  1.00068074e+00 -1.94503118e-03  9.50946816e-01\n",
      "   3.95898829e-02  1.42598129e-01 -3.47541345e-02 -2.12365287e-02\n",
      "   2.16562427e-02  0.00000000e+00  1.39934299e-02  7.82740281e-01\n",
      "  -1.82029331e-02  3.78434895e-02  5.35102703e-01  3.89711843e-01\n",
      "   3.54126249e-01  3.75536074e-01 -1.69219866e-01]\n",
      " [-4.89520722e-03  3.05918186e-02 -3.67133668e-03 -1.13038064e-02\n",
      "   0.00000000e+00 -4.62782167e-02 -6.78897095e-03 -7.13831844e-02\n",
      "  -2.14905297e-02 -1.94503118e-03  1.00068074e+00 -7.16161420e-03\n",
      "   6.44355280e-04 -5.57373426e-02  2.00156555e-02  2.29876085e-03\n",
      "  -1.24620708e-02  0.00000000e+00  1.06975033e-02 -2.01988134e-02\n",
      "  -5.78326916e-03 -1.94719564e-02 -3.80521653e-03 -2.30635418e-03\n",
      "  -1.82259664e-02 -2.76750404e-02 -1.03551569e-01]\n",
      " [ 4.98193474e-01  7.71230534e-03 -1.70260271e-02  9.50253201e-02\n",
      "   0.00000000e+00 -1.48386102e-02 -6.26334854e-03 -1.58050561e-02\n",
      "  -1.52818866e-02  9.50946816e-01 -7.16161420e-03  1.00068074e+00\n",
      "   3.48373250e-02  1.49616996e-01 -2.72871491e-02 -1.71317925e-02\n",
      "   2.58910491e-02  0.00000000e+00  5.41135789e-03  7.73419382e-01\n",
      "  -2.17510735e-02  3.07039686e-02  5.14634918e-01  3.64065330e-01\n",
      "   3.45212477e-01  3.44313110e-01 -1.59948391e-01]\n",
      " [ 2.80702626e-02 -3.22035087e-02  2.74915653e-02 -2.61019536e-02\n",
      "   0.00000000e+00  1.26568393e-02  3.76252183e-02 -1.53071626e-02\n",
      "  -1.63331901e-02  3.95898829e-02  6.44355280e-04  3.48373250e-02\n",
      "   1.00068074e+00  1.75332808e-02 -6.43372263e-03 -9.81810747e-03\n",
      "  -4.08811036e-03  0.00000000e+00 -3.43461950e-02  2.64604715e-02\n",
      "   1.46787919e-03  7.96857832e-03 -2.36712096e-02 -1.28235979e-02\n",
      "   1.56786609e-03 -3.67709196e-02  1.51805394e-02]\n",
      " [ 2.99838730e-01  3.81794067e-02 -2.92707162e-02  1.26402548e-01\n",
      "   0.00000000e+00 -1.25188366e-03  1.26028966e-02  2.21719664e-02\n",
      "   1.50226327e-02  1.42598129e-01 -5.57373426e-02  1.49616996e-01\n",
      "   1.75332808e-02  1.00068074e+00 -1.02452789e-02 -1.41044676e-02\n",
      "   5.27689458e-02  0.00000000e+00  3.00959485e-02  2.37800359e-01\n",
      "  -6.60990371e-02 -8.37137961e-03 -1.18501954e-01 -9.08157131e-02\n",
      "  -3.68389529e-02 -1.10394254e-01  4.35233468e-02]\n",
      " [ 3.63605842e-03  2.27191327e-02  4.02627671e-02 -1.11185045e-02\n",
      "   0.00000000e+00 -1.29528070e-02 -3.17227754e-02 -9.06815507e-03\n",
      "  -1.72162840e-02 -3.47541345e-02  2.00156555e-02 -2.72871491e-02\n",
      "  -6.43372263e-03 -1.02452789e-02  1.00068074e+00  7.74076579e-01\n",
      "  -4.05176441e-02  0.00000000e+00  7.53287222e-03 -2.06225165e-02\n",
      "  -5.22456648e-03 -3.28186857e-03 -3.60157630e-02 -1.52106128e-03\n",
      "  -2.21693938e-02 -1.19934073e-02 -1.34873771e-02]\n",
      " [ 1.90519156e-03  4.73618517e-04  2.71280730e-02 -2.45554956e-02\n",
      "   0.00000000e+00 -2.03726841e-02 -2.95680666e-02 -2.17317578e-03\n",
      "  -2.90911233e-02 -2.12365287e-02  2.29876085e-03 -1.71317925e-02\n",
      "  -9.81810747e-03 -1.41044676e-02  7.74076579e-01  1.00068074e+00\n",
      "  -3.13727975e-02  0.00000000e+00  3.50885859e-03  6.74825856e-03\n",
      "  -1.55894868e-02  2.57411241e-03  3.43746453e-03  3.50100768e-02\n",
      "   1.79082486e-02  2.28427082e-02  2.89071819e-03]\n",
      " [ 5.35711626e-02  7.85137203e-03  6.56193855e-03 -9.12458390e-03\n",
      "   0.00000000e+00 -6.99089686e-02  7.67060164e-03  1.33135847e-03\n",
      "   3.43201677e-02  2.16562427e-02 -1.24620708e-02  2.58910491e-02\n",
      "  -4.08811036e-03  5.27689458e-02 -4.05176441e-02 -3.13727975e-02\n",
      "   1.00068074e+00  0.00000000e+00 -4.59837722e-02  2.40706664e-02\n",
      "   2.49822587e-03  1.96177511e-02  1.93799705e-02 -1.51332096e-02\n",
      "   3.35153016e-02 -8.68087380e-04 -4.59035058e-02]\n",
      " [ 0.00000000e+00  0.00000000e+00  0.00000000e+00  0.00000000e+00\n",
      "   0.00000000e+00  0.00000000e+00  0.00000000e+00  0.00000000e+00\n",
      "   0.00000000e+00  0.00000000e+00  0.00000000e+00  0.00000000e+00\n",
      "   0.00000000e+00  0.00000000e+00  0.00000000e+00  0.00000000e+00\n",
      "   0.00000000e+00  0.00000000e+00  0.00000000e+00  0.00000000e+00\n",
      "   0.00000000e+00  0.00000000e+00  0.00000000e+00  0.00000000e+00\n",
      "   0.00000000e+00  0.00000000e+00  0.00000000e+00]\n",
      " [ 3.75352466e-02  4.21714845e-02  4.49025448e-02  1.84347609e-02\n",
      "   0.00000000e+00  6.22690524e-02  3.43449415e-03  5.02976151e-02\n",
      "   2.15372916e-02  1.39934299e-02  1.06975033e-02  5.41135789e-03\n",
      "  -3.43461950e-02  3.00959485e-02  7.53287222e-03  3.50885859e-03\n",
      "  -4.59837722e-02  0.00000000e+00  1.00068074e+00  1.01428692e-02\n",
      "   1.12817443e-02  4.13154057e-03  1.50682585e-02  5.08524663e-02\n",
      "   1.43619549e-02  2.47150395e-02 -1.37238278e-01]\n",
      " [ 6.80843695e-01  1.45246194e-02  4.63157660e-03  1.48380636e-01\n",
      "   0.00000000e+00 -1.43749774e-02 -2.69490366e-03 -2.33527044e-03\n",
      "  -5.53694869e-03  7.82740281e-01 -2.01988134e-02  7.73419382e-01\n",
      "   2.64604715e-02  2.37800359e-01 -2.06225165e-02  6.74825856e-03\n",
      "   2.40706664e-02  0.00000000e+00  1.01428692e-02  1.00068074e+00\n",
      "  -3.56858474e-02  1.00833156e-03  6.28560748e-01  4.60678024e-01\n",
      "   4.05133359e-01  4.59500983e-01 -1.71179695e-01]\n",
      " [-1.96341755e-02  2.45421224e-03 -3.69673822e-02 -2.51173278e-02\n",
      "   0.00000000e+00  2.36192371e-02 -1.93724869e-02 -8.55350392e-03\n",
      "  -1.53482668e-02 -1.82029331e-02 -5.78326916e-03 -2.17510735e-02\n",
      "   1.46787919e-03 -6.60990371e-02 -5.22456648e-03 -1.55894868e-02\n",
      "   2.49822587e-03  0.00000000e+00  1.12817443e-02 -3.56858474e-02\n",
      "   1.00068074e+00  2.80913163e-02  3.57109499e-03 -5.74141006e-03\n",
      "  -2.06794280e-03 -4.09831399e-03 -5.95182872e-02]\n",
      " [-2.15046570e-02 -3.78738155e-02 -2.65740817e-02  9.82587358e-03\n",
      "   0.00000000e+00  1.03156589e-02  2.76461023e-02 -4.61037006e-03\n",
      "  -1.46265432e-02  3.78434895e-02 -1.94719564e-02  3.07039686e-02\n",
      "   7.96857832e-03 -8.37137961e-03 -3.28186857e-03  2.57411241e-03\n",
      "   1.96177511e-02  0.00000000e+00  4.13154057e-03  1.00833156e-03\n",
      "   2.80913163e-02  1.00068074e+00  1.20974149e-02  4.98904370e-02\n",
      "   8.94733576e-03  2.76131869e-03 -6.39825728e-02]\n",
      " [ 3.11520689e-01 -3.40779498e-02  9.51419214e-03  6.91607442e-02\n",
      "   0.00000000e+00 -1.12481155e-02  1.45854140e-03 -1.95949461e-02\n",
      "  -2.13699644e-02  5.35102703e-01 -3.80521653e-03  5.14634918e-01\n",
      "  -2.36712096e-02 -1.18501954e-01 -3.60157630e-02  3.43746453e-03\n",
      "   1.93799705e-02  0.00000000e+00  1.50682585e-02  6.28560748e-01\n",
      "   3.57109499e-03  1.20974149e-02  1.00068074e+00  7.59270247e-01\n",
      "   6.18829838e-01  7.69736055e-01 -1.34483699e-01]\n",
      " [ 2.13045985e-01  9.93877603e-03  1.88578276e-02  6.02765586e-02\n",
      "   0.00000000e+00 -8.42204128e-03  1.80197185e-02 -2.41226302e-02\n",
      "   8.72289744e-03  3.89711843e-01 -2.30635418e-03  3.64065330e-01\n",
      "  -1.28235979e-02 -9.08157131e-02 -1.52106128e-03  3.50100768e-02\n",
      "  -1.51332096e-02  0.00000000e+00  5.08524663e-02  4.60678024e-01\n",
      "  -5.74141006e-03  4.98904370e-02  7.59270247e-01  1.00068074e+00\n",
      "   5.48429329e-01  7.14851055e-01 -1.60654293e-01]\n",
      " [ 2.16660756e-01 -3.32516049e-02  1.00356629e-02  5.42912664e-02\n",
      "   0.00000000e+00 -9.02520380e-03  1.62046291e-02 -2.67337723e-02\n",
      "  -2.42007555e-02  3.54126249e-01 -1.82259664e-02  3.45212477e-01\n",
      "   1.56786609e-03 -3.68389529e-02 -2.21693938e-02  1.79082486e-02\n",
      "   3.35153016e-02  0.00000000e+00  1.43619549e-02  4.05133359e-01\n",
      "  -2.06794280e-03  8.94733576e-03  6.18829838e-01  5.48429329e-01\n",
      "   1.00068074e+00  5.10570963e-01 -3.30412522e-02]\n",
      " [ 2.02226171e-01 -2.63811246e-02  1.44158551e-02  6.91123935e-02\n",
      "   0.00000000e+00 -9.20290577e-03 -5.00212543e-03 -2.01368988e-02\n",
      "   2.59934906e-02  3.75536074e-01 -2.76750404e-02  3.44313110e-01\n",
      "  -3.67709196e-02 -1.10394254e-01 -1.19934073e-02  2.28427082e-02\n",
      "  -8.68087380e-04  0.00000000e+00  2.47150395e-02  4.59500983e-01\n",
      "  -4.09831399e-03  2.76131869e-03  7.69736055e-01  7.14851055e-01\n",
      "   5.10570963e-01  1.00068074e+00 -1.56305646e-01]\n",
      " [-1.59313383e-01 -5.66905569e-02  7.79766283e-02 -3.13941762e-02\n",
